<?xml version="1.0" encoding="utf-8"?>
<opencv_storage>
   <Camera_Matrix type_id="opencv-matrix">
      <rows>3</rows>
      <cols>3</cols>
      <dt>d</dt>
      <data>1048.5093215427398263 0.0294620395240552 332.1658264424697791 
0.0000000000000000 1049.0866129908908988 170.4274053150203088 
0.0000000000000000 0.0000000000000000 1.0000000000000000 
</data>
   </Camera_Matrix>
   <Distortion_Coefficients type_id="opencv-matrix">
      <rows>5</rows>
      <cols>1</cols>
      <dt>d</dt>
      <data>-0.5761343586958267 -0.2222200552688992 0.0006053115331595 -0.0002112014040411 3.7418908096795525 </data>
   </Distortion_Coefficients>
</opencv_storage>