<?xml version="1.0" encoding="utf-8"?>
<opencv_storage>
   <Camera_Matrix type_id="opencv-matrix">
      <rows>3</rows>
      <cols>3</cols>
      <dt>d</dt>
      <data>489.4321473965429163 -0.4154399975028409 315.0499809673550544 
0.0000000000000000 489.3412847906056982 189.2122834982258155 
0.0000000000000000 0.0000000000000000 1.0000000000000000 
</data>
   </Camera_Matrix>
   <Distortion_Coefficients type_id="opencv-matrix">
      <rows>5</rows>
      <cols>1</cols>
      <dt>d</dt>
      <data>0.0304669506252901 0.0072537032713128 -0.0034994431338110 -0.0022623100896672 -0.1087564234101038 </data>
   </Distortion_Coefficients>
</opencv_storage>