<?xml version="1.0" encoding="utf-8"?>
<opencv_storage>
   <Camera_Matrix type_id="opencv-matrix">
      <rows>3</rows>
      <cols>3</cols>
      <dt>d</dt>
      <data>1045.9815181869039407 -0.3715163634649032 317.4861461997051038 
0.0000000000000000 1047.0600680409299912 173.3958349391930938 
0.0000000000000000 0.0000000000000000 1.0000000000000000 
</data>
   </Camera_Matrix>
   <Distortion_Coefficients type_id="opencv-matrix">
      <rows>5</rows>
      <cols>1</cols>
      <dt>d</dt>
      <data>-0.6105310735304671 0.6835458170220368 0.0040901848556458 0.0028905147587606 -2.5689583192135164 </data>
   </Distortion_Coefficients>
</opencv_storage>