<?xml version="1.0" encoding="utf-8"?>
<opencv_storage>
   <Camera_Matrix type_id="opencv-matrix">
      <rows>3</rows>
      <cols>3</cols>
      <dt>d</dt>
      <data>1285.1693660546493447 -0.0164844501183623 656.2219440761201668 
0.0000000000000000 1285.8397788764279994 518.7779751625906783 
0.0000000000000000 0.0000000000000000 1.0000000000000000 
</data>
   </Camera_Matrix>
   <Distortion_Coefficients type_id="opencv-matrix">
      <rows>5</rows>
      <cols>1</cols>
      <dt>d</dt>
      <data>-0.2064362997403615 0.1510001814336236 -0.0015961818117450 0.0001182615707080 -0.0188292574908644 </data>
   </Distortion_Coefficients>
</opencv_storage>